込亜込 0322 87 88 86 
込亜込 0322 85 88 86 
込亜込 0322 84 88 86 
込亜込 0322 83 88 862
HH込 0322 87 88 86 
込亜込 0322 85 88 86 
込亜込 0322 84 88 86 
込亜込 0322 83 88 862
込亜込 0322 87 88 86 
KK込 0322 85 88 86 
込亜込 0322 84 88 86 
込亜込 0322 83 88 862
込亜込 0322 84 88 86 
込亜込 0322 83 88 862
HH込 0322 87 88 86 
込亜込 0322 85 88 86 
込亜込 0322 84 88 86 
込亜込 0322 83 88 862
込亜込 0322 87 88 86 
KK込 0322 85 88 86 
込亜込 0322 84 88 86 
込亜込 0322 83 88 862
jj 0322 85 88 86 
fdf 0322 84 88 86 
ssd 0322 83 88 862
sddsds	0322 85 88 86 
qqqq 0322 87 88 86 
sasd 0322 84 88 86 
ssdds 0322 83 88 862
sdds 0322 87 88 86 
s 0322 85 88 86 
kj 0322 84 88 86 
eki 0322 83 88 862
sh 0322 87 88 86 
ew 0322 85 88 86 
iu 0322 84 88 86 
sd 0322 83 88 862
podf 0322 85 88 86 
hj 0322 87 88 86 
h 0322 84 88 86 
s 0322 83 88 862
o 0322 87 88 86 
iuop 0322 85 88 86 
dk 0322 84 88 86 
jh 0322 83 88 862
saf 0322 87 88 86 


